day <- c(1,2,3,4,5,6,1,2,3,4,5,6)
micro <- c("open","open","open","open","open","open","shrub","shrub","shrub","shrub","shrub","shrub")
temp.avg<- c(32.948175,12.5,30.43798333,30.09579167,25.10313333,24.93531579,33.069475,29.02473333,29.83319167,29.68969167,24.97499167,24.93110526)
RH.avg<- c(15.14114063,28.23341667,20.33464583,22.839625,18.9189375,12.43319737,15.252,18.74651042,21.391625,23.63940625,19.346375,12.17963158)
temp.se<- c(2.554883762,1.443375673,2.357783576,2.122814007,1.662778904,2.107292906,2.838637402,2.402243768,2.704197854,2.429822781,1.954581323,2.434770875)
RH.se<- c(0.961615404,2.72052896,1.853840155,1.774854189,3.154404301,0.699100019,1.253223117,1.258215343,2.196627828,2.033246213,3.471244276,0.797876303)
richness<- c(3.533333333,3.666666667,3.6,3.129032258,4.633333333,5.4,6.033333333,6.333333333,7.833333333,7.833333333,10.5,15.4)
abundance<- c(5.033333333,5.133333333,4.3,4.4,4.6,6.266666667,9.233333333,8.8,7.166666667,11.35,15.03333333,11.1)
richness.se<- c(0.344858236,0.329867035,0.286075306,0.315319716,0.260341656,0.457127,0.721561737,0.578013509,0.719328124,0.756714271,1.088867386,0.469531)
abundance.se<- c(0.344023968,0.331257907,0.352821143,0.398383832,0.337672902,1.769083,1.140360231,0.75109116,0.612294222,1.0887499,2.545677076,1.014294)
